21,13,11
21,13,11
21,13,11
21,13,11
21,13,11
21,13,11
21,13,11
21,13,11
21,13,11
21,13,11
21,13,11
21,13,11
21,13,11
21,13,11
21,13,11
21,13,11
21,13,11
21,13,11
21,13,11
21,13,11
21,13,11
21,13,11
21,13,11
21,13,11
21,13,11
11,13,19
11,13,19
11,13,19
11,13,19
11,13,19
11,13,19
11,13,19
11,13,19
11,13,19
11,13,19
11,13,19
11,13,19
11,13,19
11,13,19
11,13,19
11,13,19
11,13,19
11,13,19
11,13,19
11,13,19
10,14,6
10,14,6
10,14,6
10,14,6
10,14,6
10,14,6
10,14,6
10,14,6
10,14,6
10,14,6
10,14,6
10,14,6
10,14,6
10,14,6
10,14,6
10,14,6
10,14,6
10,14,6
10,14,6
10,14,6
8,13,5
8,13,5
8,13,5
8,13,5
8,13,5
8,13,5
8,13,5
8,13,5
8,13,5
8,13,5
8,13,5
8,13,5
8,13,5
8,13,5
8,13,5
8,13,5
8,13,5
8,13,5
8,13,5
8,13,5
8,13,5
8,13,5
8,13,5
8,13,5
8,13,5
8,13,5
8,13,5
8,13,5
8,13,5
8,13,5
8,13,5
8,13,5
8,13,5
8,13,5