6,8,11
6,8,11
6,8,11
6,8,11
6,8,11
6,8,11
6,8,11
6,8,11
6,8,11
6,8,11
6,8,11
6,8,11
6,8,11
6,8,11
6,8,11
6,8,11
6,8,11
6,8,11
6,8,11
6,8,11
5,15,9
5,15,9
5,15,9
5,15,9
5,15,9
5,15,9
5,15,9
5,15,9
5,15,9
5,15,9
5,15,9
5,15,9
5,15,9
5,15,9
5,15,9
5,15,9
5,15,9
4,13,7
4,13,7
4,13,7
4,13,7
4,13,7
4,13,7
4,13,7
4,13,7
4,13,7
4,13,7
4,13,7
4,13,7
4,13,7
12,13,8
12,13,8
12,13,8
12,13,8
12,13,8
12,13,8
12,13,8
12,13,8
12,13,8
12,13,8
12,13,8
12,13,8
12,13,8
12,13,8
12,13,8
12,13,8
12,13,8
12,13,8
12,13,8
12,13,8
12,13,8
12,13,8
12,13,8
12,13,8
10,14,11
10,14,11
10,14,11
10,14,11
10,14,11
10,14,11
10,14,11
10,14,11
10,14,11
10,14,11
10,14,11
10,14,11
10,14,11
10,14,11
10,14,11
10,14,11
10,14,11
10,14,11
10,14,11
10,14,11
10,14,11