6,6,9
6,6,9
6,6,9
6,6,9
6,6,9
6,6,9
6,6,9
6,6,9
6,6,9
6,6,9
6,6,9
6,6,9
6,6,9
6,6,9
6,6,9
6,6,9
6,6,9
6,6,9
6,6,9
6,6,9
6,6,9
6,6,9
6,6,9
6,6,9
6,6,9
12,10,8
12,10,8
12,10,8
12,10,8
12,10,8
12,10,8
12,10,8
12,10,8
12,10,8
12,10,8
12,10,8
12,10,8
12,10,8
12,10,8
12,10,8
12,10,8
12,10,8
12,10,8
12,10,8
12,10,8
12,10,8
12,10,8
12,10,8
12,10,8
12,10,8
4,7,5
4,7,5
4,7,5
4,7,5
4,7,5
4,7,5
4,7,5
4,7,5
4,7,5
4,7,5
4,7,5
4,7,5
4,7,5
4,7,5
4,7,5
7,9,11
7,9,11
7,9,11
7,9,11
7,9,11
7,9,11
7,9,11
7,9,11
7,9,11
7,9,11
7,9,11
7,9,11
7,9,11
7,9,11
7,9,11
7,9,11
7,9,11
7,9,11
7,9,11
7,9,11