5,11,14
5,11,14
5,11,14
5,11,14
5,11,14
5,11,14
5,11,14
5,11,14
5,11,14
5,11,14
5,11,14
5,11,14
5,11,14
5,11,14
5,11,14
5,11,14
5,11,14
5,11,14
5,11,14
5,11,14
5,11,14
5,11,14
5,11,14
5,11,14
5,11,14
5,11,14
5,11,14
5,11,14
5,11,14
5,11,14
9,12,10
9,12,10
9,12,10
9,12,10
9,12,10
9,12,10
9,12,10
9,12,10
9,12,10
9,12,10
9,12,10
9,12,10
9,12,10
9,12,10
9,12,10
9,12,10
9,12,10
9,12,10
9,12,10
9,12,10
9,12,10
9,12,10
9,12,10
9,12,10
9,12,10
9,12,10
9,12,10
9,12,10
7,13,17
7,13,17
7,13,17
7,13,17
7,13,17
7,13,17
7,13,17
7,13,17
7,13,17
7,13,17
7,13,17
7,13,17
7,13,17
7,13,17
7,13,17
7,13,17
7,13,17
7,13,17
7,13,17
7,13,17
7,13,17
7,13,17
7,13,17
7,13,17
7,13,17
7,13,17
7,13,17
7,13,17
7,13,17
7,13,17
7,13,17
7,13,17
7,13,17
7,13,17
7,13,17
7,13,17
10,10,8
10,10,8
10,10,8
10,10,8
10,10,8
10,10,8
10,10,8
10,10,8
10,10,8
10,10,8
10,10,8
10,10,8
10,10,8
10,10,8
10,10,8
10,10,8
10,10,8
10,10,8
10,10,8
10,10,8
10,10,8
10,10,8
10,10,8