15,18,17
15,18,17
15,18,17
15,18,17
15,18,17
15,18,17
15,18,17
15,18,17
15,18,17
15,18,17
15,18,17
15,18,17
15,18,17
15,18,17
15,18,17
15,18,17
15,18,17
15,18,17
15,18,17
15,18,17
15,18,17
15,18,17
15,18,17
15,18,17
15,18,17
15,18,17
15,18,17
15,18,17
15,18,17
15,18,17
15,18,17
15,18,17
15,18,17
15,18,17
15,18,17
11,14,11
11,14,11
11,14,11
11,14,11
11,14,11
11,14,11
11,14,11
11,14,11
11,14,11
11,14,11
11,14,11
11,14,11
11,14,11
11,14,11
11,14,11
11,14,11
11,14,11
11,14,11
11,14,11
11,14,11
11,14,11
11,14,11
11,14,11
11,14,11
11,14,11
11,14,11
11,14,11
11,14,11
11,14,11
11,14,11
24,16,15
24,16,15
24,16,15
24,16,15
24,16,15
24,16,15
24,16,15
24,16,15
24,16,15
24,16,15
24,16,15
24,16,15
24,16,15
24,16,15
24,16,15
24,16,15
24,16,15
24,16,15
24,16,15
24,16,15
24,16,15
24,16,15
24,16,15
24,16,15
24,16,15