18,10,8
18,10,8
18,10,8
18,10,8
18,10,8
18,10,8
18,10,8
18,10,8
18,10,8
18,10,8
18,10,8
18,10,8
18,10,8
18,10,8
18,10,8
18,10,8
18,10,8
18,10,8
18,10,8
18,10,8
18,10,8
18,10,8
18,10,8
18,10,8
18,10,8
18,10,8
18,10,8
18,10,8
12,14,10
12,14,10
12,14,10
12,14,10
12,14,10
12,14,10
12,14,10
12,14,10
12,14,10
12,14,10
12,14,10
12,14,10
12,14,10
12,14,10
12,14,10
12,14,10
12,14,10
12,14,10
12,14,10
12,14,10
12,14,10
12,14,10
12,14,10
12,14,10
12,14,10
12,14,10
12,14,10
12,14,10
12,14,10
12,14,10
12,14,10
12,14,10
12,14,10
12,14,10
12,14,10
12,14,10
12,14,10
6,10,8
6,10,8
6,10,8
6,10,8
6,10,8
6,10,8
6,10,8
6,10,8
6,10,8
6,10,8
6,10,8
6,10,8
6,10,8
6,10,8
6,10,8
6,10,8
6,10,8
6,10,8
6,10,8
6,10,8
6,10,8
6,10,8
6,10,8
6,10,8
6,10,8
6,10,8
6,10,8
6,10,8
6,10,8
6,10,8