10,12,6
10,12,6
10,12,6
10,12,6
10,12,6
10,12,6
10,12,6
10,12,6
10,12,6
10,12,6
10,12,6
10,12,6
10,12,6
10,12,6
10,12,6
10,12,6
10,12,6
10,12,6
10,12,6
10,12,6
10,12,6
10,12,6
10,12,6
10,12,6
10,12,6
10,12,6
10,12,6
10,12,6
10,12,6
10,12,6
10,12,6
10,12,6
14,14,8
14,14,8
14,14,8
14,14,8
14,14,8
14,14,8
14,14,8
14,14,8
14,14,8
14,14,8
14,14,8
14,14,8
14,14,8
14,14,8
14,14,8
14,14,8
14,14,8
14,14,8
14,14,8
14,14,8
14,14,8
14,14,8
14,14,8
14,14,8
14,14,8
14,14,8
14,14,8
14,14,8
14,14,8
14,14,8
14,14,8
14,14,8
14,14,8
14,14,8
14,14,8
14,14,8
14,14,8
14,14,8
14,14,8
14,14,8
14,14,8
14,14,8
14,14,8
14,14,8
14,14,8
4,8,6
4,8,6
4,8,6
4,8,6
4,8,6
4,8,6
4,8,6
4,8,6
4,8,6
4,8,6
4,8,6
4,8,6
4,8,6
4,8,6
4,8,6
4,8,6
4,8,6
4,8,6
4,8,6
4,8,6
4,8,6
4,8,6
4,8,6
4,8,6
4,8,6