7,8,3
7,8,3
7,8,3
7,8,3
7,8,3
7,8,3
7,8,3
7,8,3
7,8,3
7,8,3
7,8,3
7,8,3
7,8,3
7,8,3
7,8,3
7,8,3
7,8,3
7,8,3
7,8,3
7,8,3
7,8,3
7,8,3
7,8,3
7,8,3
7,8,3
7,8,3
7,8,3
7,8,3
7,8,3
7,8,3
7,8,3
7,8,3
7,8,3
7,8,3
7,8,3
7,8,3
7,8,3
7,8,3
7,8,3
7,8,3
7,8,3
7,8,3
7,8,3
7,8,3
7,8,3
7,8,3
7,8,3
7,8,3
7,8,3
7,8,3
7,8,3
7,8,3
7,8,3
7,8,3
7,8,3
7,8,3
12,11,4
12,11,4
12,11,4
12,11,4
12,11,4
12,11,4
12,11,4
12,11,4
12,11,4
12,11,4
12,11,4
12,11,4
12,11,4
12,11,4
12,11,4
12,11,4
12,11,4
12,11,4
12,11,4
12,11,4
12,11,4
12,11,4
12,11,4
12,11,4
12,11,4
12,11,4
12,11,4
12,11,4