6,8,11
6,8,11
6,8,11
6,8,11
6,8,11
6,8,11
6,8,11
6,8,11
6,8,11
6,8,11
6,8,11
6,8,11
6,8,11
6,8,11
6,8,11
6,8,11
6,8,11
6,8,11
6,8,11
6,8,11
6,8,11
6,8,11
6,8,11
6,8,11
6,8,11
6,8,11
6,8,11
6,8,11
6,8,11
6,8,11
6,8,11
6,8,11
6,8,11
6,8,11
6,8,11
6,8,11
6,8,11
6,8,11
6,8,11
6,8,11
6,8,11
6,8,11
6,8,11
5,15,9
5,15,9
5,15,9
5,15,9
5,15,9
5,15,9
5,15,9
5,15,9
5,15,9
5,15,9
5,15,9
5,15,9
5,15,9
5,15,9
5,15,9
5,15,9
5,15,9
5,15,9
5,15,9
5,15,9
5,15,9
5,15,9
4,13,7
4,13,7
4,13,7
4,13,7
4,13,7
4,13,7
4,13,7
4,13,7
4,13,7
4,13,7
4,13,7
4,13,7
4,13,7
4,13,7
4,13,7
4,13,7
4,13,7
4,13,7
4,13,7
4,13,7
4,13,7
4,13,7
4,13,7
4,13,7
4,13,7
4,13,7
4,13,7
4,13,7
4,13,7
4,13,7