3,6,8
3,6,8
3,6,8
3,6,8
3,6,8
3,6,8
3,6,8
3,6,8
3,6,8
3,6,8
3,6,8
3,6,8
3,6,8
3,6,8
3,6,8
3,6,8
3,6,8
3,6,8
3,6,8
3,6,8
3,6,8
3,6,8
3,6,8
3,6,8
3,6,8
3,6,8
3,6,8
3,6,8
3,6,8
3,6,8
3,6,8
3,6,8
3,6,8
3,6,8
3,6,8
5,9,4
5,9,4
5,9,4
5,9,4
5,9,4
5,9,4
5,9,4
5,9,4
5,9,4
5,9,4
5,9,4
5,9,4
5,9,4
5,9,4
5,9,4
5,9,4
5,9,4
5,9,4
5,9,4
5,9,4
5,9,4
5,9,4
5,9,4
5,9,4
5,9,4
5,9,4
5,9,4
5,9,4
5,9,4
5,9,4
5,9,4
5,9,4
5,9,4
5,9,4
5,9,4
5,9,4
5,9,4
5,9,4
5,9,4
5,9,4
8,9,12
8,9,12
8,9,12
8,9,12
8,9,12
8,9,12
8,9,12
8,9,12
8,9,12
8,9,12
8,9,12
8,9,12
8,9,12
8,9,12
8,9,12