10,13,11
10,13,11
10,13,11
10,13,11
10,13,11
10,13,11
10,13,11
10,13,11
10,13,11
10,13,11
10,13,11
10,13,11
10,13,11
10,13,11
10,13,11
10,13,11
10,13,11
10,13,11
14,15,11
14,15,11
14,15,11
14,15,11
14,15,11
14,15,11
14,15,11
14,15,11
14,15,11
14,15,11
14,15,11
14,15,11
14,15,11
14,15,11
14,15,11
14,15,11
14,15,11
14,15,11
14,15,11
14,15,11
14,15,11
14,15,11
8,9,10
8,9,10
8,9,10
8,9,10
8,9,10
8,9,10
8,9,10
8,9,10
8,9,10
8,9,10
8,9,10
8,9,10
8,9,10
8,9,10
8,9,10
8,9,10
8,9,10
8,9,10
8,9,10
8,9,10
7,12,15
7,12,15
7,12,15
7,12,15
7,12,15
7,12,15
7,12,15
7,12,15
7,12,15
7,12,15
7,12,15
7,12,15